2.133211180349789105e-06 -3.066688008615112276e-06 1.148266584943230897e-05 4.263495640180149301e-04 9.789005364825976649e-03 9.038534663419721393e-02 3.617118001791406190e-01 6.642611901221984194e-01 5.885213270077018777e-01 2.634281162513770203e-01 6.197288190496214044e-02 7.964676969630405876e-03 5.726459658558557880e-04 2.460897929427720662e-05 8.288326359547020784e-07 -5.208345184752248870e-07 5.993484239760503856e-07 -5.749142000398999566e-07 5.182410087046585317e-07 -4.673872286063428259e-07
-2.968738807580559671e-06 8.476989381293477247e-06 1.765999616901961334e-05 1.998227201074912786e-03 3.512747212680671777e-02 2.367227252897312895e-01 5.653738719588597972e-01 2.913652023633094279e-01 -4.494447163239682075e-01 -5.386033191943317977e-01 -2.111319271958802257e-01 -3.871920009595914564e-02 -3.621044611815739910e-03 -2.316886417240701993e-04 2.153420879109622954e-05 -1.941161153015235740e-05 1.384891016875787523e-05 -1.012280445147462394e-05 7.560887409187382601e-06 -5.920339993705307826e-06
-5.111672700494824303e-05 8.898533063392716777e-05 -7.805585498850636203e-06 6.451007109241895833e-03 8.732551373062358291e-02 4.083304397502259264e-01 4.536448864590809649e-01 -3.335399897387031909e-01 -2.385476794977648973e-01 5.032024233578534789e-01 4.288253929390972163e-01 1.195905061318030121e-01 1.563865340171906315e-02 9.581072550766968864e-04 7.647316113964958161e-05 -1.803962640039605237e-05 9.007195841090872635e-06 -3.925386865800523887e-06 1.294964245851192187e-06 8.828683742293477974e-08
8.145749442488977243e-05 -1.162508724074588350e-04 -3.075225674039425844e-04 -1.546582160648314955e-02 -1.685762719734259785e-01 -5.025819711734932360e-01 -6.253977040218916539e-02 4.043515894960895696e-01 -4.130474391486218533e-01 2.948631943005567899e-02 5.529654737640027351e-01 2.676162489528106647e-01 4.960678973557486326e-02 3.818776388846071949e-03 5.020402642120640494e-04 -2.127358527643941218e-04 1.566505644506481542e-04 -1.148420488081491550e-04 8.615867769810096291e-05 -6.795959454643151431e-05
2.264718337656680593e-04 -4.416478049316100080e-04 2.263518471458507604e-03 3.439457294166332890e-02 3.000331906199122933e-01 4.707895432831514793e-01 -3.327430268767926913e-01 7.097075380252976240e-02 1.897258104920825639e-01 -4.172411052451161506e-01 3.579958237537135268e-01 4.652054041284630626e-01 1.283047406803254631e-01 1.639036338747128577e-02 2.921201287478582286e-04 3.822995200062552393e-04 -2.186769573358482140e-04 1.411669889522403271e-04 -9.451689919529281103e-05 6.734616727248079430e-05
-7.377674237097158177e-04 1.265066780110958924e-03 -4.959472242953807605e-03 -5.709849429496020867e-02 -3.888349326142203077e-01 -2.826197076528743635e-01 4.021570259061099106e-01 -3.873648039612418437e-01 3.507052490025442393e-01 -2.576018805548083712e-01 -1.921835607596668674e-02 4.719893171866207937e-01 2.005870153085027863e-01 3.362473292698329314e-02 7.364759837608995637e-04 1.113353717292672827e-03 -7.224790550497945220e-04 5.219517666267568584e-04 -3.865627552781128549e-04 3.026890977949707180e-04
3.422632006038696015e-04 -4.445933346057928518e-04 3.853395283588271266e-03 5.921013968932158783e-02 2.300654360447557945e-01 -3.130227475705998214e-02 -6.955313132688559219e-02 1.341499588049648028e-01 -2.138691587043528575e-01 3.399785317719034583e-01 -4.969061357255493139e-01 4.239014693680193679e-01 5.612294031291955587e-01 1.285083532025200204e-01 1.737763310808398964e-02 -1.696069794158425572e-03 1.498039618977908697e-03 -9.823578974205995299e-04 6.808388370671409869e-04 -5.052548612210181226e-04
-1.873699994332204185e-03 4.244136481469148320e-03 1.329452010602686848e-02 3.450515153962259718e-01 7.452155446505576153e-01 -4.427307036964444054e-01 2.382117816353074014e-01 -1.459996222023700607e-01 1.052580526800263871e-01 -8.406414656388302986e-02 5.703123467832001831e-02 1.877422760132238522e-02 -1.608557638163723436e-01 -5.992499867430827604e-02 -1.024440298702280171e-02 7.592177405181307209e-04 -9.024516339703478676e-04 6.370010216574862379e-04 -4.712661729670581810e-04 3.701183200823609078e-04
-6.615892933840279797e-04 1.279032331262005282e-03 1.950270296849356986e-03 5.234405497513906075e-02 5.288281074436127632e-02 -5.279851550979267061e-02 5.000684013995126270e-02 -5.819915983504369422e-02 8.377983860254872850e-02 -1.427484882263630184e-01 2.688539594864908788e-01 -4.912613999354678573e-01 5.923390506072373496e-01 5.342871571161597055e-01 9.094617274641773885e-02 1.247127917363800333e-02 -2.421920056556608070e-03 1.701188210181141984e-03 -1.119917774469003906e-03 8.027936680282320115e-04
1.963017238062722048e-04 -5.916026623517528634e-04 -1.429265739386417246e-02 -7.208307308138815761e-02 1.526791614973773900e-02 2.579732547798875217e-03 -9.426318133013816478e-03 1.550829448840726835e-02 -2.564083629719152851e-02 4.679744938695848400e-02 -9.556553111027611680e-02 2.118011158414442041e-01 -4.594970182956604199e-01 6.918193171994742041e-01 4.928460279944573141e-01 6.664627614312475246e-02 9.497946218615865160e-03 -2.446471995391094612e-03 1.592226747726435427e-03 -1.074975904253334469e-03
3.753450264307391267e-03 -1.849538469006071356e-03 2.512218167264981261e-01 8.984217922631213549e-01 -3.241570773988033394e-01 1.198289697162674555e-01 -5.430469089140088634e-02 3.063650585396796369e-02 -2.127653595140758386e-02 1.814369557512918868e-02 -1.916049239960099931e-02 2.477135275252643348e-02 -3.522724440511072058e-02 3.513806930890836511e-02 4.584632057437645208e-02 6.288449443351288616e-03 1.800084959385934817e-03 -7.610414427502788836e-04 5.435983253040346406e-04 -4.106518646466938657e-04
-4.181079899707755218e-04 3.897099170547382646e-04 -8.430563077891948393e-03 -8.077468592804577102e-03 6.629889182603885926e-03 -5.729483217886628503e-03 6.039988215436296014e-03 -7.555599184333275722e-03 1.092883769979814332e-02 -1.811740870055348826e-02 3.442493111201569422e-02 -7.462613370182401284e-02 1.791694868571700461e-01 -4.308719370354129330e-01 7.484881941298959784e-01 4.602288514486888582e-01 5.117674713195000807e-02 8.082773689121294444e-03 -2.548420161130978377e-03 1.672735310107780664e-03
-2.185153116787522966e-04 -2.711235917425113516e-03 -2.259173442601988477e-02 2.703949361101729877e-03 1.086548586260019812e-03 -2.012043095129015160e-03 2.612532480862215806e-03 -3.457574945030281611e-03 4.930937803178965864e-03 -7.730280789469004890e-03 1.353970471308880985e-02 -2.690813853657610111e-02 6.117372181818927362e-02 -1.557908029855942511e-01 4.052649491537931858e-01 -7.864414989934616074e-01 -4.313356320966273971e-01 -4.009573341125433760e-02 -7.153488586931718886e-03 2.697227476107540937e-03
-6.654742682321631436e-03 1.843595480920338925e-01 9.508615227916357160e-01 -2.356599762369328832e-01 6.866906019581425769e-02 -2.660045494734972552e-02 1.318380366099562544e-02 -7.904536323275071844e-03 5.498757585805507352e-03 -4.335466906625389839e-03 3.851130217023615576e-03 -3.898253393340011565e-03 4.625299067866983117e-03 -6.577331119319533917e-03 1.057946138935791230e-02 -1.330248234001720972e-02 -1.415913987763568055e-02 -9.856975686902500616e-04 -6.857497153239651378e-04 4.172462832005844257e-04
3.329664136812796852e-04 -2.725150387717785363e-03 -3.787001322580477430e-03 2.264842409182563684e-03 -1.673169065343911880e-03 1.554321340885175774e-03 -1.683149567155142398e-03 2.033852819707562733e-03 -2.693866449278415308e-03 3.900302552674041537e-03 -6.217514454983620598e-03 1.106999435514299801e-02 -2.242935692097359351e-02 5.235894214846243538e-02 -1.388330783997209217e-01 3.836609699684967456e-01 -8.145439896170540983e-01 -4.068521010469029475e-01 -3.169463819230457918e-02 -6.866123666501138152e-03
3.141953750070266351e-05 -4.413375328751979396e-03 -6.080934574428495300e-04 8.913860091724937987e-04 -8.672580581267374557e-04 8.966857863001538240e-04 -1.005081432996525036e-03 1.211071273050291558e-03 -1.560855773308267780e-03 2.153707843238612547e-03 -3.203138907437670917e-03 5.199362111605472167e-03 -9.387680573441492884e-03 1.927875452206323850e-02 -4.585958395998356030e-02 1.254438727238055551e-01 -3.645483352999157045e-01 8.366840432355280299e-01 3.848735116248375165e-01 2.384518890518859055e-02
-1.394807390230325683e-01 -9.733842403196631965e-01 1.755300954456044116e-01 -4.339391376379495707e-02 1.553346423130039580e-02 -7.347136534457329726e-03 4.216983105529596883e-03 -2.774117835570374165e-03 2.019030159152405447e-03 -1.591500967746253608e-03 1.342329778836264323e-03 -1.204689757490256608e-03 1.151316439572045098e-03 -1.178605718233270922e-03 1.305342668687009978e-03 -1.564873967263467718e-03 1.878280953405256836e-03 -1.124931285298066443e-03 -5.657151115779999323e-03 -3.517573243585367881e-04
1.316109657985949132e-03 3.880407171263698749e-03 -1.400226679109429573e-03 8.035945288890855532e-04 -6.487721648042789899e-04 6.297351820273522577e-04 -6.812710894885078616e-04 7.951511089989896476e-04 -9.880577677898129321e-04 1.302547126835336324e-03 -1.826911710373471925e-03 2.748468742377420827e-03 -4.499471871988509723e-03 8.177809616207750917e-03 -1.692174563269603638e-02 4.078319403856198178e-02 -1.144032250223029762e-01 3.475609471109437076e-01 -8.575709193919465179e-01 -3.586276587324715992e-01
1.820156282569573934e-03 9.506862280454813274e-04 -6.970280830235519361e-04 5.614719502605470267e-04 -5.217880476611707176e-04 5.343157833799941706e-04 -5.859193876297106229e-04 6.780272227165192638e-04 -8.224597070156598787e-04 1.043950758482311333e-03 -1.389337263392979339e-03 1.949089945737192322e-03 -2.910777065096123179e-03 4.694325547346822440e-03 -8.346801398068738609e-03 1.681135472611016216e-02 -3.946751245316927614e-02 1.092963081948900156e-01 -3.396232639233896511e-01 9.331430741786120864e-01
9.901902145242393871e-01 -1.358634436915122923e-01 3.018342069507099976e-02 -1.047473858222032310e-02 4.906851204660043521e-03 -2.791213638400777842e-03 1.809477204676745044e-03 -1.287491043931624814e-03 9.826150279017547423e-04 -7.928574545075142005e-04 6.702322958748496750e-04 -5.902920249241792221e-04 5.404318602220938234e-04 -5.143982166898410958e-04 5.107588848556419286e-04 -5.330911693720239699e-04 5.928697219035059321e-04 -7.167091819146381368e-04 9.539067337711129059e-04 -1.279118223327361040e-03
