-1.291142622904380719e-06 1.346282079680726108e-06 -1.528995218782908138e-05 -7.416289175593249964e-04 -1.458680094249445967e-02 -1.182025206026947328e-01 -4.180168667244275049e-01 -6.833623058502478198e-01 -5.423185269585983903e-01 -2.186039594273785636e-01 -4.654119555900605026e-02 -5.423029410020120504e-03 -3.593877889869605291e-04 -1.089735974263403203e-05 -2.720281133745959561e-06 1.990512229229599755e-06 -1.607170470151360204e-06 1.285186312057143911e-06 -1.031656699405076094e-06 8.563413332655899022e-07
1.005078313288969523e-05 -2.015025756639307456e-05 -3.634626317594867899e-05 -3.320298429437216862e-03 -5.030213035741744332e-02 -2.909152989707285974e-01 -5.825631881548056779e-01 -1.745588103114339706e-01 5.202925142891070553e-01 4.929277947001199367e-01 1.688807424652082334e-01 2.771510958655257553e-02 2.311799952129865200e-03 1.507701485590290055e-04 -2.181893445906364962e-05 1.674900726132534540e-05 -1.146998341715301371e-05 8.078884419463508472e-06 -5.840903419096335670e-06 4.436714660706035464e-06
-5.343165729596775310e-05 8.806066018810589134e-05 1.428071409052674378e-04 1.014184040231672773e-02 1.194287801488985445e-01 4.628551051039570541e-01 3.661206743285826959e-01 -4.234128039782990016e-01 -1.066266617696481345e-01 5.485183407500590080e-01 3.709449817383395631e-01 9.014309121880831333e-02 1.040711821232705517e-02 6.314292768846381304e-04 3.943830319464764243e-06 1.901161409691238800e-05 -1.708729747969524605e-05 1.473276977900331906e-05 -1.241528362468089448e-05 1.068945254169060926e-05
-1.029248061666567823e-05 -1.031212932541828804e-05 9.471967634762664496e-04 2.374251571815802833e-02 2.208408770376292796e-01 5.126319016158500386e-01 -8.573809086463431151e-02 -3.107622048793844405e-01 4.573542749384530426e-01 -1.697044875569151956e-01 -5.450633554540458281e-01 -2.181465303987434323e-01 -3.590693480569980001e-02 -2.223783180030382538e-03 -4.472077700861016333e-04 2.239459775738234567e-04 -1.575918360259129160e-04 1.125381104853525688e-04 -8.261886637413718673e-05 6.391578181930436509e-05
3.996674666187410765e-04 -7.074120966140000398e-04 3.808046910024930672e-03 5.348933985097913818e-02 3.782671857540478300e-01 4.179197021121195399e-01 -4.277876331953333056e-01 2.402257055637799510e-01 1.318077002421325777e-02 -3.186216409070345423e-01 4.325893703274267255e-01 3.768033327644503272e-01 8.816410427459896171e-02 9.449218574072142801e-03 3.758570914085185614e-04 3.124066797363310411e-05 1.377061280760115400e-05 -2.460798675928513549e-05 2.711783149402811546e-05 -2.702099753026722902e-05
6.067717562004488118e-04 -9.579541166982189155e-04 5.413779283749581631e-03 6.998892804178497018e-02 3.582866485332558693e-01 1.203336014862028541e-01 -2.904994031264752641e-01 3.553690013982236939e-01 -3.989847798035177640e-01 3.852957111691675540e-01 -1.248000651299269875e-01 -5.329078743638098192e-01 -1.831502134044284691e-01 -2.810604085845151354e-02 2.313327950258867042e-04 -1.266242470678673225e-03 8.285918361583009600e-04 -5.859636352280138535e-04 4.271351902370521133e-04 -3.297519734921538939e-04
-4.170887966297909168e-04 1.244683167602173360e-03 9.423270053052584111e-03 1.792771563144967550e-01 4.331424629010058314e-01 -2.187811531492485639e-01 6.687489954987456409e-02 2.734233672948997371e-02 -1.201724203774686417e-01 2.558482649599639891e-01 -4.432106954097410623e-01 4.544655336923413835e-01 4.835584417628678855e-01 1.010322373372727761e-01 1.257235202768577226e-02 -1.171935448353853210e-03 9.874873683836831503e-04 -6.254631970409706013e-04 4.199338474631660956e-04 -3.023660508331992881e-04
-1.918246015061324554e-03 4.286751322086454832e-03 1.537203795998351788e-02 3.225527931668052961e-01 5.940606326352018129e-01 -4.102484837405825369e-01 2.594574436621877589e-01 -1.955080728814124758e-01 1.851405248248511048e-01 -2.109431279785449476e-01 2.453165346158208415e-01 -1.591079375863664047e-01 -3.143309158593021735e-01 -7.565499815702608766e-02 -1.197208724843205029e-02 1.822063866486075233e-03 -1.489443057894857111e-03 1.019876962774686653e-03 -7.311270644876696886e-04 5.589299113020568211e-04
-5.410600459899876430e-04 1.078457922186351267e-03 4.342480058750008455e-03 4.871817572627672177e-02 1.567342210561064805e-02 -2.829423826660161512e-02 3.424440348320051397e-02 -4.597259737947207575e-02 7.209629752005680681e-02 -1.299179329648040282e-01 2.555924032572535753e-01 -4.871587467712061859e-01 6.194082306913313296e-01 5.267433427984921090e-01 8.529257261777101196e-02 1.166047331909417749e-02 -2.405868487501326442e-03 1.652786509863581966e-03 -1.082208035771918498e-03 7.712136282095466422e-04
3.790770848165563554e-03 -4.841259098426357117e-04 2.633206526698488315e-01 8.873308830371957612e-01 -3.398044419172294717e-01 1.304724497685485762e-01 -6.023155514311827330e-02 3.382533164964347805e-02 -2.246036086793398376e-02 1.674899133929566575e-02 -1.230025469201283077e-02 3.764331761765226086e-03 2.034561004958566899e-02 -6.333880928175561476e-02 -2.521453818926874466e-02 -4.105823831176432133e-03 4.257230126456625964e-04 -4.553570312454071245e-04 3.405959378032350393e-04 -2.728773089927952547e-04
-7.154438590652820867e-04 6.542121844013391863e-04 -2.175912004070949118e-02 -5.005005298089933857e-02 2.697743516971417427e-02 -1.708593082116754980e-02 1.511355546878073372e-02 -1.780876782748136086e-02 2.611522079689502368e-02 -4.564957928854657815e-02 9.226614174469244256e-02 -2.058725994968029493e-01 4.541887880277435396e-01 -7.034427286174680383e-01 -4.864326351814306504e-01 -6.293956975558168132e-02 -9.235356939488884379e-03 2.534920021454780629e-03 -1.637924445473618951e-03 1.107784083756490354e-03
3.984654018293532938e-04 1.638139901280467837e-04 1.098551688943708894e-02 3.179563847956127891e-03 -4.363728473895611866e-03 4.532953961413396099e-03 -5.213374677696249598e-03 6.812888320786450805e-03 -1.009026039023316716e-02 1.696931382874082919e-02 -3.259118617080324770e-02 7.142984293068758983e-02 -1.737429453062369067e-01 4.252285221956515482e-01 -7.578189895603895110e-01 -4.533180442004268729e-01 -4.835840878290849354e-02 -7.818352361500847253e-03 2.544734836653968213e-03 -1.656665611154331443e-03
-6.296270171737819790e-03 1.926728828560684004e-01 9.459949952072000956e-01 -2.466447126541911061e-01 7.393533448673281216e-02 -2.906943223180155286e-02 1.451874918136210682e-02 -8.737835805083783713e-03 6.077168303785246070e-03 -4.752570794689557447e-03 4.106589248018447692e-03 -3.847749618484281719e-03 3.694171137684825780e-03 -2.710091702908627546e-03 -2.752131173951351695e-03 1.886828563452086840e-02 4.661734606275573858e-03 1.019745142604597471e-03 -3.650534680553947924e-04 3.025428045293900394e-04
-4.818234519460212815e-04 5.127767477739525979e-03 1.513810694533288849e-02 -6.161824717078352200e-03 3.464718059297020730e-03 -2.811382789660721651e-03 2.911201536734272892e-03 -3.538321599560008933e-03 4.867465599152361044e-03 -7.509672242585526541e-03 1.306644540796930883e-02 -2.594252380993499960e-02 5.915729409647789427e-02 -1.518235451216984611e-01 4.002680376382634631e-01 -7.934927448834925290e-01 -4.252722011556311354e-01 -3.786524340712515979e-02 -6.990743825018134322e-03 2.702206111241445274e-03
-2.544595088061939658e-04 3.402817857031247440e-03 1.849600252602268168e-03 -1.591481153989562480e-03 1.379462490642996636e-03 -1.379838580102459760e-03 1.549284053659138712e-03 -1.908514284062326656e-03 2.555781080280671025e-03 -3.724692147278287156e-03 5.961768261873814402e-03 -1.064718959302926940e-02 2.163145597555797897e-02 -5.070349971533115452e-02 1.354247038070083009e-01 -3.788824553615303126e-01 8.204651048543538661e-01 4.009668417397118101e-01 2.983583969482165102e-02 6.718485786759626800e-03
-1.232901987968616497e-01 -8.267440982922641401e-01 1.553271799510006768e-01 -3.888098627493147968e-02 1.377280330032483804e-02 -6.302343478485550841e-03 3.385683357144406505e-03 -1.961434659104283051e-03 1.095080436724107193e-03 -4.073336357537753194e-04 -3.458991187265854643e-04 1.473532926769473284e-03 -3.630974674027022484e-03 8.609643003405812248e-03 -2.203599161303837831e-02 6.278898148426696746e-02 -1.877399100473210736e-01 4.433372735347325677e-01 1.973702560248769278e-01 1.193742686383644953e-02
-7.687938254803844407e-02 -5.092399467753324638e-01 9.692147497227292241e-02 -2.502933478266909650e-02 9.471565192477304426e-03 -4.893234592208389744e-03 3.218759227396934038e-03 -2.576296437264143785e-03 2.441223346769671749e-03 -2.692331785071392942e-03 3.421699661644967382e-03 -4.997093892357851869e-03 8.429520876517790015e-03 -1.662088282630541994e-02 3.871113971521601693e-02 -1.051880134706889569e-01 3.071255513423905570e-01 -7.156343791068963123e-01 -3.237908250620619155e-01 -1.881248806510095462e-02
1.268156864251785039e-03 1.551795103353925155e-03 -8.704559818761796594e-04 6.313098020180702655e-04 -5.657065902341671185e-04 5.762058343677443732e-04 -6.388967320983524436e-04 7.560514514045733230e-04 -9.472216550682218241e-04 1.254996814067320908e-03 -1.765547209961351163e-03 2.661066116716270889e-03 -4.359681741068543136e-03 7.925860955195315055e-03 -1.640785036652229328e-02 3.961858958414787857e-02 -1.117072794773986549e-01 3.429736975824426159e-01 -8.619700355599525521e-01 -3.534940352154669063e-01
3.720669661442971374e-03 3.322936899482445308e-04 -5.074482830291479401e-04 4.777621798029549794e-04 -4.717453079258820351e-04 4.974221741955080298e-04 -5.543292364123205990e-04 6.477226416657964414e-04 -7.905506833727040175e-04 1.007477618663424421e-03 -1.344292179775644861e-03 1.889224960353375711e-03 -2.823889790797488256e-03 4.555911026966602724e-03 -8.101718194366442152e-03 1.632419940054050111e-02 -3.838750978341189113e-02 1.067980330128028149e-01 -3.350498280706002974e-01 9.351356539616406671e-01
9.893502807241262298e-01 -1.413592479301571669e-01 3.192137733665662697e-02 -1.113930866912468329e-02 5.230347015638232670e-03 -2.981680497292372219e-03 1.938176043591990048e-03 -1.383974290334537716e-03 1.061178266514574593e-03 -8.614636122244136640e-04 7.340604975367183427e-04 -6.535174675736637583e-04 6.071295170095586261e-04 -5.900308538601440082e-04 6.043084266078164709e-04 -6.622492222315219841e-04 7.981322648782987732e-04 -1.102617677249888945e-03 1.796195260607180797e-03 -3.028847126614283604e-03
